0 0.62421875 0.37421875 0.10234375 0.096875
0 0.74921875 0.49921875 0.1015625 0.096875
0 0.37421875 0.37421875 0.1015625 0.096875
0 0.24921875 0.4984375 0.1015625 0.09609375
0 0.49921875 0.4984375 0.1015625 0.09609375
0 0.74921875 0.24921875 0.1015625 0.096875
0 0.37421875 0.62421875 0.1015625 0.096875
0 0.37421875 0.87421875 0.1015625 0.096875
0 0.87421875 0.12421875 0.1015625 0.096875
0 0.62421875 0.12421875 0.1015625 0.09765625
0 0.24921875 0.24921875 0.1015625 0.096875
0 0.87421875 0.87421875 0.1015625 0.096875
0 0.12421875 0.87421875 0.1015625 0.096875
0 0.12421875 0.12421875 0.1015625 0.096875
0 0.37421875 0.12421875 0.1015625 0.096875
0 0.87421875 0.37421875 0.1015625 0.096875
0 0.49921875 0.24921875 0.1015625 0.096875
0 0.24921875 0.74921875 0.1015625 0.09609375
0 0.62421875 0.62421875 0.1015625 0.096875
0 0.62421875 0.87421875 0.1015625 0.096875