0 0.196875 0.15234375 0.0953125 0.07265625
0 0.8078125 0.15 0.096875 0.07421875
0 0.7953125 0.71171875 0.09921875 0.10703125
0 0.45 0.325 0.09140625 0.08203125
0 0.2046875 0.51015625 0.11640625 0.1125
0 0.31875 0.1421875 0.08984375 0.09375
0 0.6875 0.13671875 0.0921875 0.09765625
0 0.33125 0.32734375 0.0859375 0.08984375
0 0.6828125 0.70234375 0.10234375 0.0875
0 0.5578125 0.7078125 0.09453125 0.103125
0 0.565625 0.33984375 0.0859375 0.0875
0 0.4484375 0.51328125 0.103125 0.09921875
0 0.8015625 0.340625 0.08828125 0.08203125
0 0.56015625 0.14765625 0.08828125 0.078125
0 0.68828125 0.34140625 0.0890625 0.1109375
0 0.79765625 0.51328125 0.09453125 0.0953125
0 0.56796875 0.50859375 0.0921875 0.08984375
0 0.19921875 0.3375 0.0859375 0.0875
0 0.68984375 0.51015625 0.09765625 0.10859375
0 0.19765625 0.71015625 0.1046875 0.1296875
0 0.334375 0.515625 0.09921875 0.09921875
0 0.4375 0.7 0.096875 0.121875
0 0.31796875 0.7109375 0.09921875 0.10078125
0 0.44453125 0.134375 0.09765625 0.08984375
0 0.19921875 0.8703125 0.08671875 0.06484375
0 0.32265625 0.86484375 0.08671875 0.06484375
0 0.56484375 0.88359375 0.08671875 0.06484375
0 0.43984375 0.8671875 0.08671875 0.06640625
0 0.80703125 0.88203125 0.0859375 0.06484375
0 0.68984375 0.8765625 0.0859375 0.06640625