0 0.82578125 0.09453125 0.334375 0.13828125
0 0.5328125 0.42109375 0.38984375 0.16484375
0 0.82578125 0.815625 0.3328125 0.203125
0 0.190625 0.64296875 0.35078125 0.21484375
0 0.51015625 0.26015625 0.3078125 0.20546875
0 0.4578125 0.09765625 0.36171875 0.11796875
0 0.20234375 0.8359375 0.37109375 0.1296875
0 0.86171875 0.41171875 0.221875 0.196875
0 0.54140625 0.8171875 0.290625 0.20625
0 0.1671875 0.421875 0.328125 0.2203125
0 0.86640625 0.603125 0.2453125 0.26953125
0 0.83515625 0.24453125 0.3109375 0.14921875
0 0.534375 0.63125 0.384375 0.19921875
0 0.18359375 0.2515625 0.35078125 0.09375
0 0.13046875 0.096875 0.2453125 0.18671875