0 0.3484375 0.0890625 0.47734375 0.14921875
0 0.8421875 0.05078125 0.28515625 0.06953125
0 0.8546875 0.8 0.259375 0.1265625
0 0.3046875 0.321875 0.37734375 0.13984375
0 0.56875 0.19453125 0.23046875 0.09296875
0 0.38671875 0.50859375 0.5375 0.14765625
0 0.84453125 0.1515625 0.27578125 0.0765625
0 0.8421875 0.91796875 0.2625 0.08203125
0 0.58359375 0.8703125 0.22578125 0.17734375
0 0.52421875 0.60234375 0.3921875 0.09453125
0 0.83828125 0.253125 0.2875 0.09375
0 0.72890625 0.384375 0.38984375 0.13515625
0 0.83125 0.49453125 0.30078125 0.07578125
0 0.2703125 0.1921875 0.30390625 0.10859375
0 0.33671875 0.796875 0.43984375 0.346875
0 0.76875 0.67421875 0.4203125 0.16875
0 0.57578125 0.04765625 0.18984375 0.0640625
0 0.88515625 0.59765625 0.1734375 0.09375
0 0.584375 0.284375 0.26640625 0.0515625
0 0.1796875 0.64765625 0.1609375 0.1046875
0 0.1796875 0.92265625 0.16171875 0.1171875
0 0.90390625 0.3625 0.16796875 0.0546875
0 0.178125 0.04375 0.14375 0.03125
0 0.39140625 0.4265625 0.371875 0.05390625
0 0.66875 0.1109375 0.11015625 0.0375